time	V(vo)
0.000000000000000e+00	2.713018e-05
9.999999717180685e-10	2.713019e-05
1.999999943436137e-09	2.713021e-05
3.428830309292844e-08	2.863643e-05
6.657660624242075e-08	3.548922e-05
9.886490939191306e-08	4.768858e-05
1.311532125414054e-07	6.523451e-05
1.634415156908977e-07	8.812700e-05
1.957298188403900e-07	1.163661e-04
2.280181219898822e-07	1.499517e-04
1.905612709068584e-05	1.877119e-02
3.788423605938180e-05	3.703294e-02
5.671234502807776e-05	5.493520e-02
7.554045399677371e-05	7.247798e-02
9.436856296546967e-05	8.966126e-02
1.131966719341656e-04	1.064851e-01
1.320247809028615e-04	1.229494e-01
2.635133555628201e-04	2.306389e-01
4.690792689706418e-04	3.755533e-01
7.763902846322705e-04	5.482600e-01
1.204226535865259e-03	7.217596e-01
1.802973634976610e-03	8.740992e-01
2.625683379293605e-03	9.822850e-01
3.574562641626581e-03	1.025973e+00
4.772763105555387e-03	1.020649e+00
6.257136066437837e-03	9.776214e-01
8.369425289285550e-03	8.933771e-01
1.138674054977650e-02	7.596393e-01
1.645097204457091e-02	5.286278e-01
2.469989117928826e-02	1.721729e-01
3.469989117928826e-02	-1.862544e-01
4.469989117928826e-02	-4.236971e-01
5.469989117928827e-02	-5.239456e-01
6.329463655485772e-02	-5.065437e-01
7.116029011941893e-02	-4.215047e-01
7.901938516178604e-02	-2.969269e-01
8.838265373614354e-02	-1.339344e-01
9.838265373614354e-02	2.347682e-02
1.083826537361435e-01	1.388855e-01
1.183826537361435e-01	1.990924e-01
1.283826537361435e-01	2.070337e-01
1.362461061394380e-01	1.813334e-01
1.441349440781187e-01	1.351500e-01
1.522917514141154e-01	7.885533e-02
1.622917514141154e-01	1.215866e-02
1.722917514141154e-01	-4.097210e-02
1.822917514141154e-01	-7.330225e-02
1.922917514141154e-01	-8.416317e-02
2.001948416705924e-01	-7.851080e-02
2.081383407047462e-01	-6.284136e-02
2.160649736527432e-01	-4.203326e-02
2.260649736527432e-01	-1.453562e-02
2.360649736527432e-01	9.165130e-03
2.460649736527432e-01	2.541587e-02
2.560649736527432e-01	3.291931e-02
2.650034611473117e-01	3.257162e-02
2.729131036193027e-01	2.759972e-02
2.808248260324191e-01	1.983924e-02
2.895591730278310e-01	1.017282e-02
2.995591730278310e-01	-1.103951e-04
3.095591730278310e-01	-7.926352e-03
3.195591730278310e-01	-1.230157e-02
3.295591730278310e-01	-1.330001e-02
3.375078253372786e-01	-1.193147e-02
3.457050051624493e-01	-9.044259e-03
3.539737802339224e-01	-5.467098e-03
3.639737802339224e-01	-1.180606e-03
3.739737802339224e-01	2.310450e-03
3.839737802339224e-01	4.510758e-03
3.939737802339224e-01	5.337827e-03
4.020659180017988e-01	5.039050e-03
4.111254677959310e-01	3.933929e-03
4.194896229941446e-01	2.546001e-03
4.294896229941446e-01	8.059062e-04
4.394896229941446e-01	-6.751042e-04
4.494896229941446e-01	-1.670668e-03
4.594896229941446e-01	-2.107678e-03
4.684866259808240e-01	-2.042288e-03
4.780115010880799e-01	-1.615282e-03
4.870564148002302e-01	-1.025355e-03
4.970564148002302e-01	-3.309697e-04
5.070564148002302e-01	2.625180e-04
5.170564148002302e-01	6.622256e-04
5.270564148002302e-01	8.337506e-04
5.370564148002303e-01	7.969765e-04
5.469453712889523e-01	6.106041e-04
5.569453712889523e-01	3.439042e-04
5.669453712889523e-01	7.090118e-05
5.769453712889523e-01	-1.523414e-04
5.869453712889523e-01	-2.927720e-04
5.969453712889523e-01	-3.417901e-04
6.069453712889523e-01	-3.111863e-04
6.201092574220983e-01	-1.949562e-04
6.237814851558063e-01	-1.510198e-04
6.280000000000010e-01	-3.437653e-01
6.297128245573188e-01	-1.017389e+00
6.310109604604547e-01	-1.780575e+00
6.315757826838774e-01	-1.977510e+00
6.322404681016808e-01	-2.042772e+00
6.329837398394893e-01	-2.054365e+00
6.343245736237046e-01	-2.003588e+00
6.357200983872329e-01	-1.909495e+00
6.379476890172090e-01	-1.724173e+00
6.406958001116346e-01	-1.478065e+00
6.461920223004860e-01	-9.750280e-01
6.534136757014447e-01	-3.423584e-01
6.609386744526857e-01	2.195428e-01
6.709386744526857e-01	7.499312e-01
6.809386744526857e-01	1.013449e+00
6.909386744526858e-01	1.019960e+00
6.988673554915583e-01	8.710928e-01
7.068103373662815e-01	6.277229e-01
7.152283304816200e-01	3.350880e-01
7.252283304816201e-01	9.766947e-03
7.352283304816201e-01	-2.399792e-01
7.452283304816201e-01	-3.824327e-01
7.552283304816201e-01	-4.189177e-01
7.629725930304523e-01	-3.801496e-01
7.714017024780470e-01	-2.890542e-01
7.794021599296603e-01	-1.811868e-01
7.894021599296603e-01	-4.563818e-02
7.994021599296603e-01	6.628620e-02
8.094021599296604e-01	1.384115e-01
8.194021599296604e-01	1.671319e-01
8.277867679782328e-01	1.596912e-01
8.356776623959844e-01	1.313378e-01
8.435578435000053e-01	9.113126e-02
8.533291816024171e-01	3.723560e-02
8.633291816024171e-01	-1.177323e-02
8.733291816024171e-01	-4.682053e-02
8.833291816024171e-01	-6.417247e-02
8.933291816024171e-01	-6.510086e-02
9.012755606448708e-01	-5.590103e-02
9.092382558722519e-01	-4.054279e-02
9.175207634233369e-01	-2.225638e-02
9.275207634233369e-01	-1.432081e-03
9.375207634233369e-01	1.470675e-02
9.475207634233369e-01	2.407240e-02
9.575207634233369e-01	2.667237e-02
9.653275928701578e-01	2.434499e-02
9.738525259840303e-01	1.858335e-02
9.819336789459115e-01	1.168608e-02
9.919336789459116e-01	3.054476e-03
1.001933678945911e+00	-4.103063e-03
1.011933678945911e+00	-8.743405e-03
1.021933678945911e+00	-1.061756e-02
1.030423475523211e+00	-1.015956e-02
1.038551054512885e+00	-8.303670e-03
1.046669079130986e+00	-5.664504e-03
1.056368714711984e+00	-2.265925e-03
1.066368714711984e+00	8.300490e-04
1.076368714711984e+00	3.026240e-03
1.086368714711984e+00	4.094392e-03
1.096368714711984e+00	4.100858e-03
1.105538373474580e+00	3.371078e-03
1.114060513320779e+00	2.291541e-03
1.123350374717105e+00	9.889223e-04
1.133350374717105e+00	-2.661671e-04
1.143350374717105e+00	-1.171393e-03
1.153350374717105e+00	-1.627781e-03
1.163350374717105e+00	-1.651923e-03
1.173054803192183e+00	-1.352323e-03
1.182345946424105e+00	-8.842692e-04
1.192345946424105e+00	-3.280538e-04
1.202345946424105e+00	1.600897e-04
1.212345946424105e+00	4.999517e-04
1.222345946424105e+00	6.583792e-04
1.232345946424105e+00	6.464976e-04
1.242345946424105e+00	5.142466e-04
1.251843249937464e+00	3.079439e-04
1.257000000000000e+00	3.731125e-01
1.258891568074138e+00	1.060018e+00
1.260356500850846e+00	1.843224e+00
1.260982972220640e+00	2.023147e+00
1.261726043957448e+00	2.060270e+00
1.262491976472865e+00	2.049167e+00
1.264023841503700e+00	1.965551e+00
1.265602030631655e+00	1.846378e+00
1.268304112398344e+00	1.611786e+00
1.271659434291188e+00	1.306590e+00
1.278370078076877e+00	6.969523e-01
1.285268112407072e+00	1.225903e-01
1.294257693753180e+00	-4.748702e-01
1.304257693753180e+00	-8.959734e-01
1.314257693753180e+00	-1.052298e+00
1.322385789176053e+00	-9.921309e-01
1.330282263264231e+00	-8.049049e-01
1.338163971318056e+00	-5.489097e-01
1.348163971318056e+00	-2.037734e-01
1.358163971318056e+00	9.770273e-02
1.368163971318056e+00	3.082120e-01
1.378163971318056e+00	4.070117e-01
1.388163971318056e+00	4.040642e-01
1.396128411892561e+00	3.412058e-01
1.404103175460608e+00	2.419798e-01
1.412865931051421e+00	1.203299e-01
1.422865931051421e+00	-7.383535e-03
1.432865931051421e+00	-1.032831e-01
1.442865931051421e+00	-1.557481e-01
1.452865931051421e+00	-1.662053e-01
1.460674628474296e+00	-1.482793e-01
1.468693248407695e+00	-1.123323e-01
1.476774051875231e+00	-6.836253e-02
1.486774051875231e+00	-1.464544e-02
1.496774051875231e+00	2.906324e-02
1.506774051875232e+00	5.659124e-02
1.516774051875232e+00	6.688243e-02
1.524953904753591e+00	6.324498e-02
1.532882665987588e+00	5.141228e-02
1.540797675411579e+00	3.510975e-02
1.550797675411579e+00	1.315691e-02
1.560797675411579e+00	-6.059018e-03
1.570797675411579e+00	-1.951126e-02
1.580797675411579e+00	-2.586259e-02
1.590797675411579e+00	-2.572352e-02
1.598849378301947e+00	-2.169917e-02
1.606910880410458e+00	-1.532438e-02
1.615622236729171e+00	-7.633425e-03
1.625622236729171e+00	4.857990e-04
1.635622236729171e+00	6.578555e-03
1.645622236729171e+00	9.907797e-03
1.655622236729171e+00	1.055462e-02
1.663651523139112e+00	9.362785e-03
1.671711147287926e+00	7.046667e-03
1.680088607838036e+00	4.139598e-03
1.690088607838036e+00	7.456951e-04
1.700088607838036e+00	-1.983863e-03
1.710088607838036e+00	-3.669691e-03
1.720088607838036e+00	-4.260430e-03
1.728262041797026e+00	-3.973654e-03
1.737334356876031e+00	-3.056567e-03
1.745883988980453e+00	-1.911692e-03
1.755883988980453e+00	-5.331847e-04
1.765883988980453e+00	6.194884e-04
1.775883988980453e+00	1.374364e-03
1.785883988980453e+00	1.684871e-03
1.794707892091012e+00	1.610930e-03
1.803571828417227e+00	1.281784e-03
1.812930401603273e+00	7.905710e-04
1.822930401603273e+00	2.390336e-04
1.832930401603273e+00	-2.293336e-04
1.842930401603273e+00	-5.414175e-04
1.852930401603273e+00	-6.715367e-04
1.862930401603273e+00	-6.366266e-04
1.875000000000001e+00	-4.510608e-04
1.879139196793458e+00	-3.549116e-04
1.885000000000001e+00	-4.019592e-01
1.887251486240689e+00	-1.131455e+00
1.889021580143318e+00	-1.925912e+00
1.889765995253926e+00	-2.072591e+00
1.890652119275476e+00	-2.060104e+00
1.891460601549291e+00	-2.019271e+00
1.893077566096919e+00	-1.902284e+00
1.895322334247380e+00	-1.714311e+00
1.898945869581897e+00	-1.387836e+00
1.904350869536500e+00	-8.939280e-01
1.911425312462099e+00	-2.801204e-01
1.918894585463273e+00	2.658177e-01
1.928894585463273e+00	7.765530e-01
1.938894585463273e+00	1.020350e+00
1.948894585463273e+00	1.009908e+00
1.956862345998599e+00	8.507473e-01
1.964839678485939e+00	6.013530e-01
1.973675886684705e+00	2.942394e-01
1.983675886684705e+00	-2.433764e-02
1.993675886684705e+00	-2.624123e-01
2.003675886684705e+00	-3.914518e-01
2.013675886684705e+00	-4.155161e-01
2.021487393021571e+00	-3.694459e-01
2.029419574674313e+00	-2.797614e-01
2.037502793432069e+00	-1.694206e-01
2.047502793432069e+00	-3.510766e-02
2.057502793432069e+00	7.389414e-02
2.067502793432069e+00	1.422608e-01
2.077502793432068e+00	1.675097e-01
2.085651941449707e+00	1.581240e-01
2.093559701857874e+00	1.283984e-01
2.101453101724646e+00	8.762680e-02
2.111453101724646e+00	3.266900e-02
2.121453101724646e+00	-1.538127e-02
2.131453101724646e+00	-4.897199e-02
2.141453101724645e+00	-6.478004e-02
2.151453101724645e+00	-6.436791e-02
2.159448489500021e+00	-5.434356e-02
2.167454071683236e+00	-3.849146e-02
2.176190089471250e+00	-1.918121e-02
2.186190089471250e+00	1.157292e-03
2.196190089471250e+00	1.643213e-02
2.206190089471249e+00	2.479180e-02
2.216190089471249e+00	2.645207e-02
2.224077555700749e+00	2.356376e-02
2.232023966917016e+00	1.788636e-02
2.240207784211012e+00	1.079156e-02
2.250207784211011e+00	2.248866e-03
2.260207784211011e+00	-4.689110e-03
2.270207784211011e+00	-9.044171e-03
2.280207784211011e+00	-1.065321e-02
2.288418165933209e+00	-1.004385e-02
2.296570211414588e+00	-8.078609e-03
2.304709284616877e+00	-5.393694e-03
2.314709284616876e+00	-1.907000e-03
2.324709284616876e+00	1.112244e-03
2.334709284616876e+00	3.193003e-03
2.344709284616876e+00	4.166664e-03
2.353597240237014e+00	4.132871e-03
2.361998924390829e+00	3.460777e-03
2.370400437452121e+00	2.410466e-03
2.379708188151712e+00	1.107829e-03
2.389708188151712e+00	-1.670531e-04
2.399708188151712e+00	-1.106897e-03
2.409708188151712e+00	-1.602661e-03
2.419708188151712e+00	-1.660428e-03
2.429632145563802e+00	-1.377012e-03
2.438854200399164e+00	-9.229779e-04
2.448854200399164e+00	-3.670640e-04
2.458854200399164e+00	1.283602e-04
2.468854200399164e+00	4.801513e-04
2.478854200399164e+00	6.516607e-04
2.488854200399163e+00	6.511143e-04
2.498854200399163e+00	5.262851e-04
2.504000000000000e+00	4.239971e-04
2.514000000000000e+00	4.959255e-01
2.517789378376713e+00	1.310679e+00
2.520558559780891e+00	1.994591e+00
2.521794817352156e+00	2.027209e+00
2.522784185094616e+00	1.926572e+00
2.523909412031243e+00	1.823729e+00
2.526159865904497e+00	1.620716e+00
2.530531040152839e+00	1.221933e+00
2.537606223775967e+00	5.871419e-01
2.544871525322143e+00	2.656323e-03
2.554338029077052e+00	-5.825433e-01
2.564338029077052e+00	-9.464899e-01
2.574338029077052e+00	-1.048431e+00
2.582056303213593e+00	-9.580382e-01
2.590650644605427e+00	-7.299914e-01
2.598618224611424e+00	-4.630173e-01
2.608618224611424e+00	-1.234962e-01
2.618618224611424e+00	1.585713e-01
2.628618224611424e+00	3.420427e-01
2.638618224611423e+00	4.168916e-01
2.647087356735544e+00	4.001676e-01
2.654962978359868e+00	3.307171e-01
2.662829443293561e+00	2.309662e-01
2.672434270755808e+00	9.846092e-02
2.682434270755808e+00	-2.501021e-02
2.692434270755808e+00	-1.142331e-01
2.702434270755807e+00	-1.594029e-01
2.712434270755807e+00	-1.633597e-01
2.720334096510461e+00	-1.414843e-01
2.728253975247469e+00	-1.038843e-01
2.736466398921864e+00	-5.870388e-02
2.746466398921864e+00	-6.260080e-03
2.756466398921864e+00	3.488903e-02
2.766466398921864e+00	5.929339e-02
2.776466398921864e+00	6.677455e-02
2.784186493814433e+00	6.159581e-02
2.792984826294626e+00	4.713265e-02
2.800954743189573e+00	3.028349e-02
2.810954743189573e+00	8.631757e-03
2.820954743189573e+00	-9.500307e-03
2.830954743189573e+00	-2.143417e-02
2.840954743189573e+00	-2.644561e-02
2.849549725409016e+00	-2.552558e-02
2.857514060481466e+00	-2.114382e-02
2.865471247628810e+00	-1.475761e-02
2.874886730811510e+00	-6.493376e-03
2.884886730811509e+00	1.400285e-03
2.894886730811509e+00	7.143091e-03
2.904886730811509e+00	1.009184e-02
2.914886730811509e+00	1.040136e-02
2.922995669583326e+00	8.997004e-03
2.931122729026492e+00	6.549840e-03
2.939626547361743e+00	3.578169e-03
2.949626547361743e+00	2.641781e-04
2.959626547361743e+00	-2.312438e-03
2.969626547361742e+00	-3.815540e-03
2.979626547361742e+00	-4.232916e-03
2.987896757640303e+00	-3.837482e-03
2.996394859745780e+00	-2.916886e-03
3.005086539419465e+00	-1.732495e-03
3.015086539419465e+00	-3.740457e-04
3.025086539419465e+00	7.330416e-04
3.035086539419464e+00	1.430318e-03
3.045086539419464e+00	1.684386e-03
3.053992742201465e+00	1.569188e-03
3.062930560742103e+00	1.211420e-03
3.072433021895669e+00	7.030361e-04
3.082433021895669e+00	1.596376e-04
3.092433021895669e+00	-2.870638e-04
3.102433021895668e+00	-5.710170e-04
3.112433021895668e+00	-6.737192e-04
3.122433021895668e+00	-6.174422e-04
3.132433021895668e+00	-4.513420e-04
3.142000000000001e+00	-4.901603e-01
3.146205736058865e+00	-1.353724e+00
3.148966590402828e+00	-1.978260e+00
3.150260565839018e+00	-2.001822e+00
3.151278977753568e+00	-1.900019e+00
3.152441934196955e+00	-1.794321e+00
3.154767847083729e+00	-1.584300e+00
3.159419672857278e+00	-1.160408e+00
3.167161880733246e+00	-4.730400e-01
3.174442821579607e+00	9.344934e-02
3.184442821579607e+00	6.691703e-01
3.194442821579607e+00	9.832482e-01
3.204442821579607e+00	1.035760e+00
3.212267670826096e+00	9.161154e-01
3.220123164422671e+00	6.917205e-01
3.228223675626571e+00	4.146287e-01
3.238223675626571e+00	7.996610e-02
3.248223675626571e+00	-1.902112e-01
3.258223675626570e+00	-3.582542e-01
3.268223675626570e+00	-4.187750e-01
3.276305775737247e+00	-3.939455e-01
3.284209546802376e+00	-3.187554e-01
3.292097998232570e+00	-2.165776e-01
3.302097998232569e+00	-7.933815e-02
3.312097998232569e+00	4.022316e-02
3.322097998232569e+00	1.234116e-01
3.332097998232569e+00	1.621307e-01
3.342097998232568e+00	1.604463e-01
3.350079462436310e+00	1.350895e-01
3.358070296799166e+00	9.537898e-02
3.366920155641424e+00	4.650841e-02
3.376920155641423e+00	-4.071155e-03
3.386920155641423e+00	-4.182998e-02
3.396920155641423e+00	-6.225385e-02
3.406920155641423e+00	-6.599390e-02
3.414766109109533e+00	-5.858856e-02
3.422671823283133e+00	-4.435135e-02
3.430800700175426e+00	-2.670605e-02
3.440800700175426e+00	-5.387988e-03
3.450800700175426e+00	1.187876e-02
3.460800700175426e+00	2.267327e-02
3.470800700175425e+00	2.662416e-02
3.478904472429718e+00	2.509877e-02
3.486896874708340e+00	2.029143e-02
3.494875169152222e+00	1.372829e-02
3.504875169152221e+00	5.003921e-03
3.514875169152221e+00	-2.592355e-03
3.524875169152221e+00	-7.870958e-03
3.534875169152221e+00	-1.032043e-02
3.544875169152220e+00	-1.015347e-02
3.553999217293534e+00	-8.232999e-03
3.562215241468231e+00	-5.592219e-03
3.571666693622241e+00	-2.283489e-03
3.581666693622241e+00	8.111546e-04
3.591666693622241e+00	3.010347e-03
3.601666693622240e+00	4.083983e-03
3.611666693622240e+00	4.096464e-03
3.620853070751272e+00	3.370283e-03
3.629371827866175e+00	2.294634e-03
3.638637266050584e+00	9.974807e-04
3.648637266050584e+00	-2.573793e-04
3.658637266050583e+00	-1.164166e-03
3.668637266050583e+00	-1.623196e-03
3.678637266050583e+00	-1.650149e-03
3.688360901301209e+00	-1.352310e-03
3.697648112084229e+00	-8.860629e-04
3.707648112084229e+00	-3.307353e-04
3.717648112084229e+00	1.572501e-04
3.727648112084228e+00	4.975618e-04
3.737648112084228e+00	6.568123e-04
3.747648112084228e+00	6.458738e-04
3.757648112084228e+00	5.169624e-04
3.767747376502207e+00	2.941251e-04
3.771000000000000e+00	2.853881e-01
3.772199489139707e+00	8.503971e-01
3.773109148128121e+00	1.552559e+00
3.773505184025721e+00	1.778714e+00
3.773958388607920e+00	1.909041e+00
3.774628637821478e+00	2.009727e+00
3.775537553473496e+00	2.052620e+00
3.776620196448037e+00	2.028559e+00
3.777994766153807e+00	1.944625e+00
3.779795726365128e+00	1.801452e+00
3.782464314085264e+00	1.566391e+00
3.786771091653676e+00	1.172652e+00
3.793860668577024e+00	5.364191e-01
3.801042101155411e+00	-3.499294e-02
3.810858801364794e+00	-6.256667e-01
3.820858801364793e+00	-9.684822e-01
3.830858801364793e+00	-1.047611e+00
3.838625359127277e+00	-9.431680e-01
3.846862760463784e+00	-7.157490e-01
3.854891138505723e+00	-4.428858e-01
3.864891138505723e+00	-1.041023e-01
3.874891138505722e+00	1.737628e-01
3.884891138505722e+00	3.509758e-01
3.894891138505722e+00	4.195929e-01
3.903186719003834e+00	3.989754e-01
3.911074807488967e+00	3.266143e-01
3.918950605599719e+00	2.253541e-01
3.928890233366861e+00	8.809442e-02
3.938890233366861e+00	-3.373480e-02
3.948890233366861e+00	-1.199599e-01
3.958890233366861e+00	-1.616913e-01
3.968890233366861e+00	-1.624750e-01
3.976835626394805e+00	-1.385359e-01
3.984794680908063e+00	-9.956797e-02
3.993250103694758e+00	-5.216006e-02
4.000000000000000e+00	-1.387346e-02
