time	V(vo)
0.000000000000000e+00	2.723018e-05
5.510070353827892e-05	1.255970e-04
1.102014070765578e-04	3.542398e-04
1.653021106148367e-04	7.131586e-04
2.204028141531157e-04	1.202353e-03
2.755035176913946e-04	1.821824e-03
3.306042212296735e-04	2.571571e-03
3.857049247679523e-04	3.451594e-03
5.054921686706473e-04	5.713067e-03
6.721093112310743e-04	9.621319e-03
8.983762203232488e-04	1.612933e-02
1.214578216721241e-03	2.701852e-02
1.605203216721241e-03	4.253023e-02
1.995828216721241e-03	5.973626e-02
2.386453216721241e-03	7.816834e-02
2.777078216721240e-03	9.738328e-02
3.167703216721240e-03	1.170603e-01
3.558328216721240e-03	1.369662e-01
4.339578216721241e-03	1.768290e-01
5.120828216721242e-03	2.160773e-01
5.902078216721242e-03	2.542091e-01
6.683328216721243e-03	2.909262e-01
7.855203216721243e-03	3.429461e-01
9.027078216721244e-03	3.909321e-01
1.019895321672125e-02	4.345844e-01
1.125922107386410e-02	4.703726e-01
1.231948893100696e-02	5.020368e-01
1.337975678814982e-02	5.295769e-01
1.444002464529267e-02	5.529930e-01
1.550029250243553e-02	5.722851e-01
1.656056035957839e-02	5.874531e-01
1.762082821672124e-02	5.984970e-01
1.890431035957838e-02	6.056438e-01
2.018779250243552e-02	6.066833e-01
2.147127464529266e-02	6.016156e-01
2.275475678814980e-02	5.904406e-01
2.403823893100693e-02	5.731584e-01
2.532172107386408e-02	5.497689e-01
2.660520321672121e-02	5.202721e-01
2.749806035957835e-02	4.964515e-01
2.839091750243549e-02	4.702866e-01
2.928377464529263e-02	4.417776e-01
3.017663178814977e-02	4.109244e-01
3.106948893100691e-02	3.777269e-01
3.196234607386405e-02	3.421853e-01
3.285520321672119e-02	3.042995e-01
3.402707821672118e-02	2.519905e-01
3.519895321672118e-02	1.966172e-01
3.637082821672118e-02	1.384841e-01
3.754270321672117e-02	7.790833e-02
3.832395321672117e-02	3.632906e-02
3.871457821672117e-02	1.521796e-02
3.910520321672117e-02	-6.090682e-03
3.949582821672117e-02	-2.758416e-02
4.027707821672116e-02	-7.107440e-02
4.066770321672116e-02	-9.304534e-02
4.105832821672116e-02	-1.151495e-01
4.144895321672116e-02	-1.373738e-01
4.223020321672116e-02	-1.821303e-01
4.340207821672115e-02	-2.498366e-01
4.457395321672115e-02	-3.179100e-01
4.557841750243543e-02	-3.768321e-01
4.658288178814971e-02	-4.349775e-01
4.758734607386399e-02	-4.923463e-01
4.859181035957828e-02	-5.489383e-01
4.959627464529256e-02	-6.047537e-01
5.060073893100684e-02	-6.597923e-01
5.160520321672112e-02	-7.140543e-01
5.244225678814969e-02	-7.579322e-01
5.327931035957826e-02	-8.003502e-01
5.411636393100683e-02	-8.413083e-01
5.495341750243540e-02	-8.808064e-01
5.579047107386396e-02	-9.188447e-01
5.662752464529253e-02	-9.554231e-01
5.746457821672110e-02	-9.905415e-01
5.819002464529253e-02	-1.019410e+00
5.891547107386395e-02	-1.046710e+00
5.964091750243539e-02	-1.072442e+00
6.036636393100681e-02	-1.096604e+00
6.109181035957824e-02	-1.119197e+00
6.181725678814966e-02	-1.140222e+00
6.254270321672109e-02	-1.159678e+00
6.282172107386395e-02	-1.166655e+00
6.310073893100682e-02	-1.173366e+00
6.337975678814968e-02	-1.179812e+00
6.365877464529253e-02	-1.185991e+00
6.393779250243539e-02	-1.191905e+00
6.421681035957826e-02	-1.197553e+00
6.449582821672112e-02	-1.202935e+00
6.510966750243541e-02	-1.213840e+00
6.572350678814971e-02	-1.223358e+00
6.633734607386400e-02	-1.231491e+00
6.695118535957829e-02	-1.238238e+00
6.756502464529260e-02	-1.243598e+00
6.817886393100689e-02	-1.247573e+00
6.879270321672118e-02	-1.250162e+00
7.013198893100692e-02	-1.250698e+00
7.147127464529265e-02	-1.244351e+00
7.281056035957838e-02	-1.231121e+00
7.414984607386411e-02	-1.211008e+00
7.548913178814985e-02	-1.184012e+00
7.682841750243558e-02	-1.150132e+00
7.816770321672131e-02	-1.109369e+00
7.978600678814991e-02	-1.050228e+00
8.140431035957850e-02	-9.831140e-01
8.302261393100710e-02	-9.080269e-01
8.464091750243569e-02	-8.249670e-01
8.625922107386429e-02	-7.339341e-01
8.787752464529289e-02	-6.349284e-01
8.949582821672147e-02	-5.279498e-01
9.038868535957863e-02	-4.668956e-01
9.128154250243578e-02	-4.045848e-01
9.217439964529295e-02	-3.410175e-01
9.306725678815010e-02	-2.761935e-01
9.396011393100726e-02	-2.101130e-01
9.485297107386441e-02	-1.427758e-01
9.574582821672156e-02	-7.418200e-02
9.652707821672157e-02	-1.386347e-02
9.691770321672158e-02	1.647677e-02
9.736413178815016e-02	5.132637e-02
9.781056035957873e-02	8.624238e-02
9.825698893100732e-02	1.212248e-01
9.870341750243589e-02	1.562737e-01
9.914984607386447e-02	1.913890e-01
9.959627464529305e-02	2.265707e-01
1.000427032167216e-01	2.618188e-01
1.007123460738645e-01	3.147732e-01
1.013819889310074e-01	3.674860e-01
1.020516317881502e-01	4.199570e-01
1.027212746452931e-01	4.721864e-01
1.033909175024360e-01	5.241741e-01
1.040605603595788e-01	5.759200e-01
1.047302032167217e-01	6.274244e-01
1.055672567881503e-01	6.912300e-01
1.064043103595789e-01	7.538520e-01
1.072413639310074e-01	8.152903e-01
1.080784175024360e-01	8.755449e-01
1.089154710738646e-01	9.346159e-01
1.097525246452932e-01	9.925033e-01
1.105895782167218e-01	1.049207e+00
1.113708282167218e-01	1.100615e+00
1.121520782167218e-01	1.150314e+00
1.129333282167218e-01	1.198305e+00
1.137145782167218e-01	1.244589e+00
1.144958282167218e-01	1.289164e+00
1.152770782167218e-01	1.332030e+00
1.160583282167219e-01	1.373189e+00
1.169511853595790e-01	1.417780e+00
1.178440425024362e-01	1.459421e+00
1.187368996452933e-01	1.498112e+00
1.196297567881505e-01	1.533854e+00
1.205226139310076e-01	1.566646e+00
1.214154710738648e-01	1.596488e+00
1.223083282167219e-01	1.623381e+00
1.228105603595791e-01	1.636991e+00
1.233127925024362e-01	1.649541e+00
1.238150246452934e-01	1.661029e+00
1.243172567881505e-01	1.671457e+00
1.248194889310077e-01	1.680823e+00
1.253217210738648e-01	1.689128e+00
1.258239532167220e-01	1.696372e+00
1.263261853595792e-01	1.702513e+00
1.268284175024363e-01	1.707544e+00
1.273306496452934e-01	1.711465e+00
1.278328817881506e-01	1.714275e+00
1.283351139310077e-01	1.715975e+00
1.288373460738649e-01	1.716564e+00
1.293395782167220e-01	1.716043e+00
1.303998460738649e-01	1.711159e+00
1.314601139310078e-01	1.701327e+00
1.325203817881506e-01	1.686546e+00
1.335806496452935e-01	1.666817e+00
1.346409175024364e-01	1.642139e+00
1.357011853595793e-01	1.612513e+00
1.367614532167221e-01	1.577938e+00
1.384913639310079e-01	1.509858e+00
1.402212746452936e-01	1.431214e+00
1.419511853595794e-01	1.342003e+00
1.436810960738651e-01	1.242228e+00
1.454110067881508e-01	1.131887e+00
1.471409175024366e-01	1.010981e+00
1.488708282167223e-01	8.795090e-01
1.499868996452938e-01	7.910643e-01
1.511029710738652e-01	7.004524e-01
1.522190425024366e-01	6.076735e-01
1.533351139310081e-01	5.127274e-01
1.544511853595796e-01	4.156142e-01
1.555672567881510e-01	3.163338e-01
1.566833282167224e-01	2.148864e-01
1.570181496452939e-01	1.844328e-01
1.573529710738653e-01	1.539128e-01
1.576877925024367e-01	1.233263e-01
1.580226139310082e-01	9.267338e-02
1.583574353595796e-01	6.195395e-02
1.586922567881510e-01	3.116805e-02
1.590270782167225e-01	3.156725e-04
1.594735067881510e-01	-4.089802e-02
1.599199353595796e-01	-8.210061e-02
1.603663639310082e-01	-1.232921e-01
1.608127925024368e-01	-1.644725e-01
1.612592210738653e-01	-2.056419e-01
1.617056496452939e-01	-2.468001e-01
1.621520782167225e-01	-2.879473e-01
1.626543103595797e-01	-3.341500e-01
1.631565425024368e-01	-3.801394e-01
1.636587746452940e-01	-4.259156e-01
1.641610067881511e-01	-4.714786e-01
1.646632389310083e-01	-5.168284e-01
1.651654710738654e-01	-5.619649e-01
1.656677032167226e-01	-6.068882e-01
1.667837746452940e-01	-7.061331e-01
1.678998460738654e-01	-8.027237e-01
1.690159175024369e-01	-8.966598e-01
1.701319889310083e-01	-9.879417e-01
1.712480603595798e-01	-1.076569e+00
1.723641317881512e-01	-1.162542e+00
1.734802032167227e-01	-1.245861e+00
1.741498460738655e-01	-1.293798e+00
1.748194889310084e-01	-1.340226e+00
1.754891317881513e-01	-1.385145e+00
1.761587746452941e-01	-1.428553e+00
1.768284175024370e-01	-1.470452e+00
1.774980603595799e-01	-1.510842e+00
1.781677032167227e-01	-1.549722e+00
1.789489532167227e-01	-1.592954e+00
1.797302032167228e-01	-1.633666e+00
1.805114532167228e-01	-1.671858e+00
1.812927032167228e-01	-1.707528e+00
1.820739532167228e-01	-1.740678e+00
1.828552032167228e-01	-1.771306e+00
1.836364532167228e-01	-1.799414e+00
1.843060960738657e-01	-1.821281e+00
1.849757389310085e-01	-1.841071e+00
1.856453817881514e-01	-1.858786e+00
1.863150246452943e-01	-1.874424e+00
1.869846675024371e-01	-1.887986e+00
1.876543103595800e-01	-1.899473e+00
1.883239532167229e-01	-1.908883e+00
1.902770782167229e-01	-1.923944e+00
1.908909175024372e-01	-1.924884e+00
1.915047567881515e-01	-1.924006e+00
1.921185960738658e-01	-1.921310e+00
1.927324353595801e-01	-1.916796e+00
1.933462746452944e-01	-1.910465e+00
1.939601139310087e-01	-1.902315e+00
1.945739532167230e-01	-1.892348e+00
1.959132389310087e-01	-1.863869e+00
1.972525246452944e-01	-1.827401e+00
1.985918103595802e-01	-1.782945e+00
1.999310960738659e-01	-1.730501e+00
2.012703817881516e-01	-1.670068e+00
2.026096675024374e-01	-1.601647e+00
2.039489532167231e-01	-1.525238e+00
2.055114532167231e-01	-1.426144e+00
2.070739532167231e-01	-1.319794e+00
2.086364532167232e-01	-1.206187e+00
2.101989532167232e-01	-1.085325e+00
2.117614532167232e-01	-9.572068e-01
2.133239532167232e-01	-8.218325e-01
2.148864532167233e-01	-6.792021e-01
2.157235067881518e-01	-6.015573e-01
2.165605603595804e-01	-5.231122e-01
2.173976139310090e-01	-4.438665e-01
2.182346675024376e-01	-3.638204e-01
2.190717210738662e-01	-2.829739e-01
2.199087746452948e-01	-2.013270e-01
2.207458282167233e-01	-1.188795e-01
2.219177032167234e-01	-3.475431e-03
2.223641317881519e-01	4.061523e-02
2.228105603595805e-01	8.465627e-02
2.232569889310091e-01	1.286477e-01
2.237034175024377e-01	1.725895e-01
2.241498460738662e-01	2.164817e-01
2.245962746452948e-01	2.603242e-01
2.250427032167234e-01	3.041172e-01
2.255449353595806e-01	3.532467e-01
2.260471675024377e-01	4.021071e-01
2.265493996452949e-01	4.506982e-01
2.270516317881520e-01	4.990201e-01
2.275538639310092e-01	5.470728e-01
2.280560960738663e-01	5.948563e-01
2.285583282167234e-01	6.423705e-01
2.296743996452949e-01	7.471681e-01
2.307904710738663e-01	8.489986e-01
2.319065425024378e-01	9.478621e-01
2.330226139310092e-01	1.043759e+00
2.341386853595807e-01	1.136688e+00
2.352547567881521e-01	1.226650e+00
2.363708282167236e-01	1.313646e+00
2.371520782167236e-01	1.371866e+00
2.379333282167236e-01	1.427835e+00
2.387145782167236e-01	1.481551e+00
2.394958282167236e-01	1.533015e+00
2.402770782167236e-01	1.582227e+00
2.410583282167236e-01	1.629186e+00
2.418395782167236e-01	1.673893e+00
2.425650246452951e-01	1.713084e+00
2.432904710738665e-01	1.749935e+00
2.440159175024380e-01	1.784446e+00
2.447413639310094e-01	1.816616e+00
2.454668103595808e-01	1.846446e+00
2.461922567881523e-01	1.873937e+00
2.469177032167237e-01	1.899086e+00
2.475315425024380e-01	1.918379e+00
2.481453817881523e-01	1.935839e+00
2.487592210738666e-01	1.951466e+00
2.493730603595808e-01	1.965261e+00
2.499868996452951e-01	1.977223e+00
2.506007389310094e-01	1.987353e+00
2.512145782167237e-01	1.995650e+00
2.517726139310094e-01	2.001543e+00
2.523306496452950e-01	2.005877e+00
2.528886853595807e-01	2.008650e+00
2.534467210738664e-01	2.009864e+00
2.540047567881521e-01	2.009519e+00
2.545627925024377e-01	2.007613e+00
2.551208282167234e-01	2.004148e+00
2.561810960738662e-01	1.993100e+00
2.572413639310090e-01	1.976601e+00
2.583016317881519e-01	1.954650e+00
2.593618996452946e-01	1.927249e+00
2.604221675024374e-01	1.894396e+00
2.614824353595802e-01	1.856092e+00
2.625427032167230e-01	1.812338e+00
2.643284175024372e-01	1.725163e+00
2.661141317881514e-01	1.626366e+00
2.678998460738656e-01	1.515946e+00
2.696855603595797e-01	1.393902e+00
2.714712746452940e-01	1.260236e+00
2.732569889310081e-01	1.114947e+00
2.750427032167223e-01	9.580340e-01
2.761029710738651e-01	8.618976e-01
2.771632389310079e-01	7.639846e-01
2.782235067881507e-01	6.642949e-01
2.792837746452935e-01	5.628286e-01
2.803440425024363e-01	4.595857e-01
2.814043103595791e-01	3.545662e-01
2.824645782167219e-01	2.477700e-01
2.848083282167218e-01	1.103499e-02
2.852547567881503e-01	-3.426316e-02
2.857011853595788e-01	-7.949828e-02
2.861476139310074e-01	-1.246704e-01
2.865940425024359e-01	-1.697794e-01
2.870404710738645e-01	-2.148255e-01
2.874868996452930e-01	-2.598085e-01
2.879333282167216e-01	-3.047285e-01
2.883797567881501e-01	-3.495058e-01
2.888261853595787e-01	-3.940637e-01
2.892726139310072e-01	-4.384022e-01
2.897190425024357e-01	-4.825214e-01
2.901654710738643e-01	-5.264211e-01
2.906118996452928e-01	-5.701015e-01
2.910583282167214e-01	-6.135625e-01
2.922302032167213e-01	-7.269475e-01
2.934020782167213e-01	-8.369877e-01
2.945739532167212e-01	-9.436829e-01
2.957458282167211e-01	-1.047033e+00
2.969177032167211e-01	-1.147039e+00
2.980895782167210e-01	-1.243699e+00
2.992614532167209e-01	-1.337015e+00
3.000427032167209e-01	-1.396342e+00
3.008239532167208e-01	-1.453353e+00
3.016052032167208e-01	-1.508047e+00
3.023864532167208e-01	-1.560425e+00
3.031677032167207e-01	-1.610486e+00
3.039489532167207e-01	-1.658231e+00
3.047302032167206e-01	-1.703659e+00
3.054556496452920e-01	-1.743462e+00
3.061810960738634e-01	-1.780870e+00
3.069065425024348e-01	-1.815885e+00
3.076319889310062e-01	-1.848505e+00
3.083574353595775e-01	-1.878732e+00
3.090828817881490e-01	-1.906564e+00
3.098083282167203e-01	-1.932003e+00
3.104221675024346e-01	-1.951499e+00
3.110360067881489e-01	-1.969128e+00
3.116498460738631e-01	-1.984888e+00
3.122636853595773e-01	-1.998780e+00
3.128775246452916e-01	-2.010804e+00
3.134913639310059e-01	-2.020960e+00
3.141052032167201e-01	-2.029248e+00
3.146632389310058e-01	-2.035105e+00
3.152212746452914e-01	-2.039375e+00
3.157793103595771e-01	-2.042059e+00
3.163373460738628e-01	-2.043158e+00
3.168953817881485e-01	-2.042671e+00
3.174534175024342e-01	-2.040599e+00
3.180114532167199e-01	-2.036940e+00
3.190717210738627e-01	-2.025451e+00
3.201319889310055e-01	-2.008438e+00
3.211922567881483e-01	-1.985900e+00
3.222525246452910e-01	-1.957838e+00
3.233127925024338e-01	-1.924251e+00
3.243730603595766e-01	-1.885140e+00
3.254333282167194e-01	-1.840505e+00
3.272190425024336e-01	-1.751684e+00
3.290047567881478e-01	-1.651150e+00
3.307904710738620e-01	-1.538903e+00
3.325761853595762e-01	-1.414943e+00
3.343618996452904e-01	-1.279271e+00
3.361476139310046e-01	-1.131886e+00
3.379333282167187e-01	-9.727878e-01
3.389935960738615e-01	-8.753667e-01
3.400538639310043e-01	-7.761767e-01
3.411141317881471e-01	-6.752177e-01
3.421743996452899e-01	-5.724898e-01
3.432346675024327e-01	-4.679930e-01
3.442949353595755e-01	-3.617272e-01
3.453552032167183e-01	-2.536926e-01
3.457458282167183e-01	-2.139193e-01
3.461364532167183e-01	-1.740994e-01
3.465270782167182e-01	-1.342329e-01
3.469177032167182e-01	-9.431976e-02
3.473083282167182e-01	-5.435999e-02
3.476989532167182e-01	-1.435360e-02
3.480895782167182e-01	2.569942e-02
3.485360067881467e-01	7.147842e-02
3.489824353595752e-01	1.171691e-01
3.494288639310038e-01	1.627713e-01
3.498752925024323e-01	2.082852e-01
3.503217210738609e-01	2.537107e-01
3.507681496452894e-01	2.990479e-01
3.512145782167180e-01	3.442967e-01
3.518842210738608e-01	4.119491e-01
3.525538639310036e-01	4.789630e-01
3.532235067881465e-01	5.453383e-01
3.538931496452892e-01	6.110750e-01
3.545627925024321e-01	6.761731e-01
3.552324353595749e-01	7.406327e-01
3.559020782167177e-01	8.044536e-01
3.569623460738605e-01	9.040037e-01
3.580226139310033e-01	1.000383e+00
3.590828817881461e-01	1.093592e+00
3.601431496452889e-01	1.183630e+00
3.612034175024317e-01	1.270498e+00
3.622636853595745e-01	1.354195e+00
3.633239532167173e-01	1.434722e+00
3.639377925024315e-01	1.479257e+00
3.645516317881458e-01	1.522306e+00
3.651654710738600e-01	1.563871e+00
3.657793103595743e-01	1.603951e+00
3.663931496452885e-01	1.642546e+00
3.670069889310028e-01	1.679655e+00
3.676208282167170e-01	1.715281e+00
3.683462746452884e-01	1.755306e+00
3.690717210738598e-01	1.792914e+00
3.697971675024312e-01	1.828105e+00
3.705226139310026e-01	1.860880e+00
3.712480603595740e-01	1.891237e+00
3.719735067881454e-01	1.919177e+00
3.726989532167168e-01	1.944700e+00
3.733127925024310e-01	1.964250e+00
3.739266317881453e-01	1.981917e+00
3.745404710738595e-01	1.997701e+00
3.751543103595738e-01	2.011602e+00
3.757681496452880e-01	2.023620e+00
3.763819889310023e-01	2.033754e+00
3.769958282167165e-01	2.042006e+00
3.775538639310022e-01	2.047816e+00
3.781118996452879e-01	2.052030e+00
3.786699353595736e-01	2.054647e+00
3.792279710738592e-01	2.055667e+00
3.797860067881449e-01	2.055090e+00
3.803440425024306e-01	2.052917e+00
3.809020782167163e-01	2.049147e+00
3.820181496452876e-01	2.036610e+00
3.831342210738590e-01	2.017938e+00
3.842502925024304e-01	1.993131e+00
3.853663639310018e-01	1.962188e+00
3.864824353595731e-01	1.925109e+00
3.875985067881445e-01	1.881895e+00
3.887145782167158e-01	1.832546e+00
3.906677032167157e-01	1.733015e+00
3.918953817881443e-01	1.661122e+00
3.931230603595727e-01	1.583756e+00
3.943507389310013e-01	1.500919e+00
3.955784175024297e-01	1.412609e+00
3.968060960738582e-01	1.318827e+00
3.980337746452867e-01	1.219573e+00
3.992614532167152e-01	1.114846e+00
3.996520782167152e-01	1.080907e+00
4.000000000000000e-01	1.050408e+00
